0 0.44977678571428575 0.4319196428571429 0.32812500000000006 0.046875
0 0.6372767857142858 0.4525669642857143 0.19866071428571425 0.0234375
1 0.41127232142857145 0.5267857142857142 0.2042410714285714 0.13616071428571433
1 0.6037946428571429 0.5200892857142857 0.10491071428571423 0.09375
2 0.4313616071428572 0.6138392857142858 0.19754464285714293 0.05357142857142856
2 0.6149553571428572 0.5853794642857142 0.11383928571428559 0.041294642857142794
5 0.3588169642857143 0.6227678571428571 0.04799107142857144 0.04017857142857144
5 0.421875 0.6121651785714286 0.03571428571428577 0.03459821428571423
5 0.46930803571428575 0.6065848214285714 0.03236607142857153 0.030133928571428558
5 0.5133928571428572 0.6015625 0.029017857142857116 0.026785714285714236
5 0.5792410714285715 0.5887276785714286 0.03571428571428577 0.030133928571428558
5 0.6099330357142858 0.5837053571428571 0.03013392857142847 0.029017857142857116
5 0.6356026785714286 0.5770089285714286 0.0234375 0.029017857142857116
5 0.66015625 0.5758928571428571 0.027901785714285764 0.029017857142857116
