0 0.24441964285714285 0.44810267857142855 0.4285714285714285 0.025669642857142884
0 0.6947544642857143 0.4547991071428571 0.29799107142857134 0.014508928571428558
1 0.23214285714285715 0.5206473214285714 0.296875 0.11941964285714288
1 0.65234375 0.5228794642857142 0.21540178571428575 0.10602678571428567
2 0.23604910714285715 0.6065848214285714 0.1953125 0.04352678571428568
2 0.6707589285714286 0.5920758928571429 0.14285714285714288 0.027901785714285678
5 0.14676339285714288 0.6049107142857142 0.016741071428571442 0.04017857142857144
5 0.3270089285714286 0.6065848214285714 0.013392857142857118 0.04352678571428568
5 0.6071428571428572 0.5954241071428571 0.013392857142857118 0.030133928571428558
5 0.7349330357142858 0.5915178571428571 0.01674107142857153 0.029017857142857116
