0 0.31194196428571436 0.39174107142857145 0.6037946428571429 0.03571428571428572
0 0.8027901785714284 0.3799502352286524 0.3912946428571429 0.02106118474301901
1 0.05970982142857149 0.5708705357142857 0.11941964285714288 0.20870535714285712
1 0.3610491071428572 0.5513392857142858 0.11941964285714293 0.22321428571428567
1 0.5145089285714286 0.5373883928571429 0.109375 0.19308035714285712
1 0.6618303571428572 0.5206473214285714 0.11160714285714288 0.18861607142857134
1 0.7672991071428571 0.5066964285714286 0.09040178571428577 0.16294642857142855
1 0.9235491071428571 0.45814732142857134 0.06361607142857154 0.07700892857142856
1 0.9813616071428571 0.4484584263392858 0.034151785714285766 0.057631138392857204
2 0.21037946428571433 0.6255580357142858 0.1662946428571428 0.09709821428571433
