0 0.19252232142857148 0.5424107142857142 0.3649553571428571 0.08258928571428567
0 0.7241071428571428 0.49210192697768756 0.5486607142857143 0.06009671109823236
1 0.04352678571428577 0.6780133928571429 0.08482142857142856 0.20424107142857145
1 0.2879464285714286 0.6584821428571429 0.125 0.18526785714285712
1 0.5066964285714286 0.6305803571428571 0.125 0.17633928571428567
1 0.734375 0.6037946428571429 0.078125 0.14955357142857145
1 0.9084821428571429 0.578125 0.08258928571428577 0.14285714285714288
2 0.1551339285714286 0.7109375 0.140625 0.12276785714285712
2 0.6316964285714286 0.6545758928571429 0.12946428571428575 0.1171875
2 0.82421875 0.6244419642857142 0.10379464285714271 0.11049107142857144
