0 0.4356294014084507 0.402618838028169 0.32460387323943657 0.04071302816901401
0 0.8163402288732394 0.37873243389980604 0.3641945422535212 0.05015852977144304
1 0.7288732394366197 0.4785431338028169 0.09242957746478861 0.1441461267605634
1 0.9329885563380282 0.4735915492957746 0.1111355633802816 0.1452464788732394
1 0.5632702464788732 0.4856954225352112 0.078125 0.1386443661971831
1 0.3068882042253521 0.4873459507042253 0.049515845070422504 0.10233274647887321
1 0.4235255281690141 0.4917473591549296 0.06492077464788734 0.11773767605633809
2 0.34485035211267606 0.5330105633802816 0.019806338028169 0.0330105633802817
2 0.4895466549295775 0.5368617957746478 0.07152288732394378 0.0253080985915493
2 0.8284551056338028 0.5363116197183098 0.10673415492957758 0.0352112676056338
