2 0.2925836267605634 0.6006822183098592 0.0605193661971831 0.0451144366197183
2 0.6700044014084507 0.676606514084507 0.1441461267605634 0.0759242957746479
0 0.2683758802816901 0.4295774647887324 0.2189700704225352 0.03961267605633809
0 0.6700044014084507 0.3751100352112676 0.5314700704225352 0.06932218309859146
1 0.557768485915493 0.5379621478873239 0.10893485915492959 0.2607834507042254
1 0.6738556338028168 0.4587367957746478 0.1408450704225352 0.11553697183098591
1 0.8202024647887324 0.5566681338028169 0.17385563380281682 0.3290052816901408
1 0.2502200704225352 0.5231073943661972 0.0484154929577465 0.16285211267605632
1 0.29588468309859156 0.4680897887323944 0.058318661971831 0.0682218309859155
1 0.3465008802816902 0.519806338028169 0.0759242957746479 0.1738556338028169
