0 0.19190140845070422 0.4070202464788732 0.30589788732394363 0.03191021126760556
0 0.6402948943661972 0.4169234154929578 0.42583626760563364 0.0605193661971831
1 0.10827464788732392 0.4988996478873239 0.08362676056338025 0.1496478873239436
1 0.2771786971830986 0.5049515845070423 0.0759242957746479 0.1507482394366197
1 0.1968529929577465 0.4708406690140845 0.0913292253521127 0.08912852112676059
2 0.19575264084507044 0.5517165492957746 0.0935299295774648 0.0726232394366197
1 0.5242077464788732 0.5291593309859155 0.1100352112676056 0.1793573943661972
1 0.7690360915492958 0.540713028169014 0.1287411971830986 0.20686619718309868
1 0.6479973591549295 0.482394366197183 0.12213908450704221 0.09683098591549291
2 0.6386443661971831 0.5929797535211268 0.136443661971831 0.1045334507042254
