4 0.9648987676056338 0.4389304577464789 0.06492077464788722 0.39942781690140844
0 0.6226892605633803 0.3998679577464788 0.3576144366197182 0.03961267605633796
0 0.33714788732394363 0.4015184859154929 0.23327464788732394 0.023107394366197152
0 0.1643926056338028 0.3982174295774648 0.1474471830985915 0.029709507042253457
1 0.18474911971830985 0.4449823943661972 0.10233274647887321 0.0814260563380281
1 0.3492517605633803 0.4598371478873239 0.15845070422535215 0.1045334507042254
1 0.635343309859155 0.47469190140845063 0.2508802816901408 0.1342429577464789
2 0.6320422535211268 0.5610695422535211 0.2706866197183098 0.078125
2 0.3393485915492958 0.5154049295774648 0.14524647887323955 0.046214788732394305
2 0.17869718309859156 0.4977992957746478 0.096830985915493 0.0484154929577465
