0 0.08203125000000003 0.4670758928571429 0.15513392857142852 0.041294642857142884
0 0.2717633928571429 0.45200892857142855 0.21763392857142855 0.04241071428571423
0 0.6958705357142858 0.42689732142857145 0.4051339285714285 0.07477678571428573
2 0.7131696428571429 0.6043526785714286 0.13392857142857154 0.10825892857142856
2 0.0719866071428572 0.5686383928571429 0.07700892857142856 0.06138392857142856
2 0.3052455357142857 0.5943080357142858 0.09933035714285712 0.07477678571428567
1 0.6116071428571429 0.5569196428571429 0.109375 0.171875
1 0.84375 0.5474330357142857 0.14508928571428575 0.19308035714285712
1 0.25111607142857145 0.5552455357142858 0.06919642857142856 0.13950892857142855
1 0.38169642857142855 0.5580357142857142 0.0870535714285714 0.15178571428571433
1 0.041294642857142905 0.5424107142857143 0.04687499999999996 0.09375
1 0.11830357142857148 0.5496651785714286 0.046875 0.10602678571428577
