0 0.3129401408450704 0.3850132042253521 0.4467429577464788 0.04951584507042246
0 0.7618727992957747 0.337494688831604 0.4731294014084506 0.05791191287447552
1 0.2364656690140845 0.5253080985915493 0.0803257042253521 0.1716549295774648
1 0.3222931338028169 0.5247579225352113 0.0869278169014085 0.174955985915493
1 0.4471830985915493 0.5335607394366196 0.14524647887323944 0.2013644366197183
1 0.7019146126760563 0.5319102112676056 0.1507482394366198 0.22447183098591558
1 0.8625660211267606 0.5385123239436619 0.1639524647887324 0.2574823943661972
1 0.9714898767605634 0.5353160126625137 0.053895246478873206 0.26429399715601337
2 0.22161091549295775 0.599581866197183 0.0946302816901408 0.0407130281690141
2 0.441681338028169 0.6221390845070423 0.14084507042253516 0.046214788732394395
2 0.6942121478873239 0.6452464788732394 0.15735035211267617 0.041813380281690196
