0 0.20510563380281685 0.33879841549295775 0.40492957746478864 0.038512323943662
0 0.6870488556338028 0.3118392055068929 0.6227772887323944 0.033009396929278845
1 0.08021566901408453 0.4334286971830986 0.05171654929577465 0.117737676056338
1 0.13523327464788734 0.4400308098591549 0.058318661971831 0.12874119718309857
1 0.2683758802816901 0.4350792253521127 0.06712147887323941 0.11883802816901405
1 0.3498019366197183 0.4290272887323944 0.0803257042253521 0.10673415492957745
1 0.4988996478873239 0.4477332746478873 0.09242957746478861 0.16615316901408445
1 0.6276408450704225 0.461487676056338 0.1056338028169014 0.1848591549295774
1 0.9351782570422535 0.469173109308022 0.126518485915493 0.19582861298224116
2 0.19245158450704225 0.5049515845070423 0.0847271126760564 0.0649207746478873
2 0.7734375 0.5308098591549296 0.18595950704225359 0.1078345070422535
