0 0.4405809859154929 0.4389304577464788 0.26848591549295775 0.0253080985915493
0 0.8355963908450704 0.41190380921895003 0.3256822183098592 0.03947663252240714
1 0.4609375000000001 0.5071522887323943 0.12874119718309865 0.097931338028169
1 0.9115206866197184 0.5396018118202888 0.1738336267605634 0.17163320110536634
4 0.5797755281690141 0.5478653169014084 0.036311619718309804 0.2255721830985916
2 0.4477332746478873 0.5841769366197183 0.11993838028169015 0.06712147887323941
2 0.9291263204225352 0.6892516557679409 0.1386223591549296 0.1122181002682762
5 0.8867737676056336 0.655699823943662 0.0429137323943662 0.0451144366197183
5 0.4092209507042254 0.5621698943661972 0.04071302816901405 0.02310739436619711
5 0.47744278169014087 0.5830765845070423 0.045114436619718215 0.03411091549295779
