0 0.42633928571428575 0.43247767857142866 0.43303571428571425 0.05022321428571432
0 0.84375 0.4397321428571429 0.21875 0.05133928571428568
1 0.3275669642857143 0.5435267857142858 0.12165178571428567 0.16741071428571433
1 0.5262276785714286 0.5329241071428571 0.10379464285714288 0.12834821428571425
1 0.7583705357142858 0.5295758928571429 0.0859375 0.14397321428571425
1 0.8744419642857142 0.5239955357142858 0.0546875 0.11049107142857144
2 0.4313616071428572 0.5792410714285714 0.11941964285714293 0.109375
2 0.8175223214285715 0.5502232142857142 0.08816964285714288 0.06919642857142856
1 0.43861607142857145 0.48716517857142866 0.1160714285714286 0.07477678571428567
1 0.8231026785714285 0.49497767857142866 0.07254464285714288 0.04575892857142856
