2 0.17857142857142866 0.56640625 0.16294642857142855 0.1484375
2 0.82421875 0.5373883928571429 0.11941964285714271 0.1194196428571428
0 0.29073660714285715 0.3677455357142857 0.5680803571428571 0.0881696428571428
0 0.7810267857142857 0.37933445699708457 0.43482142857142847 0.04215105685131193
1 0.05022321428571434 0.5184151785714286 0.09151785714285716 0.20647321428571425
1 0.3258928571428572 0.5212053571428571 0.13169642857142855 0.22767857142857145
1 0.4665178571428571 0.5234375 0.11383928571428577 0.21875
1 0.6261160714285715 0.51953125 0.125 0.20870535714285712
1 0.7360491071428572 0.5083705357142858 0.07700892857142864 0.18861607142857145
1 0.9151785714285715 0.5011160714285714 0.08928571428571441 0.17410714285714288
1 0.9780133928571428 0.5042274608013938 0.04084821428571424 0.18032992160278755
