0 0.3233934859154929 0.43562940140845063 0.2761883802816901 0.014304577464788703
0 0.6309419014084507 0.4246258802816901 0.3169014084507042 0.020906690140845008
1 0.23921654929577468 0.4796434859154929 0.0682218309859155 0.05391725352112679
1 0.3866637323943662 0.4829445422535211 0.11663732394366196 0.0715228873239436
1 0.6259903169014085 0.4834947183098592 0.1837588028169014 0.0880281690140845
4 0.16274207746478875 0.4867957746478872 0.036311619718309804 0.1694542253521127
2 0.3784110915492958 0.5352112676056338 0.09132922535211274 0.039612676056338
2 0.6127860915492958 0.5522667253521126 0.135343309859155 0.0517165492957747
5 0.3409991197183099 0.5297095070422534 0.012103873239436602 0.022007042253521104
5 0.4059198943661972 0.5324603873239436 0.02090669014084514 0.0275088028169014
5 0.5610695422535211 0.5412632042253521 0.0275088028169014 0.0275088028169014
5 0.6634022887323944 0.5506161971830986 0.023107394366197197 0.03080985915492951
