0 0.1621919014084507 0.362455985915493 0.32350352112676056 0.04181338028169015
0 0.6463358274647888 0.3194349263415383 0.7042033450704226 0.06800717662673864
1 0.018595950704225327 0.460387323943662 0.03411091549295775 0.11883802816901409
1 0.12257922535211267 0.4680897887323943 0.06602112676056335 0.14084507042253516
1 0.2683758802816901 0.4741417253521127 0.08692781690140841 0.16175176056338025
1 0.4048195422535212 0.4757922535211268 0.10233274647887325 0.1782570422535211
1 0.6749559859154929 0.4823943661971831 0.136443661971831 0.2112676056338028
2 0.17869718309859156 0.5214568661971831 0.09242957746478875 0.078125
2 0.5291593309859155 0.5429137323943662 0.1507482394366198 0.1034330985915493
2 0.8400088028169014 0.5539172535211268 0.17605633802816917 0.1100352112676056
