2 0.6316964285714286 0.609375 0.16964285714285712 0.11830357142857136
2 0.8549107142857142 0.5909598214285714 0.11830357142857136 0.11941964285714288
0 0.09486607142857148 0.34877232142857145 0.18526785714285712 0.1015625
1 0.08482142857142863 0.5563616071428571 0.15848214285714285 0.2890625
0 0.6819196428571429 0.3610491071428571 0.6227678571428571 0.11718749999999996
1 0.4787946428571429 0.5474330357142858 0.15178571428571425 0.28013392857142855
1 0.7500000000000001 0.5390625 0.12276785714285712 0.23214285714285712
1 0.9441964285714285 0.5251116071428571 0.09598214285714288 0.18861607142857145
1 0.6216517857142858 0.44977678571428575 0.14732142857142846 0.12053571428571427
1 0.8515625 0.44084821428571425 0.10267857142857154 0.08705357142857144
