2 0.6551339285714286 0.54296875 0.09151785714285712 0.0546875
2 0.3426339285714286 0.546875 0.05803571428571423 0.03571428571428577
0 0.5150669642857142 0.4241071428571429 0.6462053571428571 0.10491071428571427
1 0.2561383928571429 0.515625 0.06138392857142856 0.078125
1 0.29966517857142855 0.5078125 0.06138392857142856 0.08705357142857136
1 0.3911830357142857 0.5178571428571429 0.04799107142857131 0.09598214285714288
1 0.43470982142857145 0.5150669642857143 0.056919642857142884 0.1015625
1 0.5033482142857143 0.5066964285714286 0.06473214285714288 0.11160714285714288
1 0.5731026785714286 0.5083705357142858 0.08370535714285712 0.11718749999999992
1 0.7131696428571429 0.5005580357142858 0.07589285714285729 0.12165178571428567
1 0.7873883928571429 0.4994419642857143 0.0859375 0.1328125
1 0.34151785714285715 0.4821428571428571 0.05803571428571423 0.046875
1 0.6434151785714286 0.4592633928571429 0.07700892857142846 0.04575892857142856
