2 0.3297991071428572 0.6741071428571429 0.20870535714285715 0.11607142857142856
2 0.8253348214285715 0.6166294642857142 0.1372767857142856 0.1149553571428572
0 0.34933035714285715 0.36774553571428575 0.6674107142857142 0.15959821428571427
0 0.8239955357142857 0.41145620748299316 0.34888392857142847 0.09746598639455781
1 0.13839285714285718 0.55859375 0.20758928571428573 0.3404017857142857
1 0.5106026785714286 0.54296875 0.17075892857142866 0.21540178571428575
1 0.7047991071428571 0.5574776785714286 0.13727678571428575 0.2622767857142857
1 0.9246651785714285 0.5496651785714286 0.09040178571428559 0.2109375
1 0.3364955357142857 0.45982142857142866 0.17745535714285707 0.10044642857142856
1 0.8292410714285715 0.4631696428571429 0.11607142857142864 0.07366071428571423
